178.64336898751995 107.35437385685267 203.01667245253492 362.1300349358232 445.5965702652124 
22.022743118472683 109.5274906834344 176.73650762301085 379.0130532760673 588.5713754163331 
593.1483667263902 162.96078969511154 454.70770055536445 178.72952712537625 204.81412526222837 
36.635197212161735 116.87846733425647 316.59254609058763 54.4061214933385 34.565763362831575 
597.2308206000266 359.44971587740906 369.44584115942035 88.347170288167 299.7637368643982 
485.48482111841287 411.2467957677948 265.59714437543676 172.31115912998462 146.9427829170939 
44.61885157441672 512.2040629615333 35.932449211571196 297.3566185151812 207.21841783116196 
279.1814332135844 593.2458566017256 451.4280071291001 274.6384763733335 567.7231207663248 
186.7984908635963 386.1555149963106 67.33203452515274 276.052984413537 128.566733803776 
241.8040699911903 595.46287163847 481.6626647930094 171.68071698888855 131.3095645076 
187.77725511977746 442.5313398245115 45.46676956633836 516.7121993195437 200.59043814622905 
450.9211993105836 324.9013323127795 561.2124247653195 452.9816015147055 423.3422413532684 
255.57039933293288 215.44318584388554 84.29108311706868 60.28039780643775 505.22800568405404 
546.5522068694368 480.01358877807934 559.2824528360427 363.0475496574278 568.6881161502287 
462.18112513111345 214.9917394561984 57.65982114971287 383.4840703417213 490.3295047303416 
389.7282435163216 415.07133263053464 189.13281752088224 369.14199867161733 88.2069077822531 
27.55683755019314 466.6466306439518 308.8640629166625 119.98779687902032 454.6196192828388 
401.896171133917 334.5827448852327 183.25200961548896 127.11352932630001 152.0219601291571 
390.4646562767163 553.4971022765707 375.6202818579922 114.812003049445 35.04615891898462 
410.7454757794449 354.17593419426026 109.63959816828849 373.6694931437549 588.8599060218595 
380.4402077740805 328.55488825884083 224.15877711823077 80.55968373001272 363.4024763964611 
66.12402954017132 261.8293697038172 381.73114527307837 539.7180629214228 586.6095861649578 
239.9245655048105 108.62645861287942 489.76869351563994 37.086091530617175 331.5732711400548 
271.5442893935799 354.540799826456 265.0842907776207 389.3623855313026 538.5861979288552 
524.4155226357018 549.3580728122339 68.61772546625222 573.0823965617598 420.9639509148382 
202.36761962847507 510.4871611154716 278.2807852099756 142.84157053225758 353.072606922945 
30.919807231527745 132.8928364571339 496.8755951150633 168.6293279941456 411.6348676543075 
551.0902614139387 85.43887168421705 323.5852128217233 339.1740459060734 550.5459606545562 
271.20415426477797 275.16481548293075 88.13119549616289 362.1133032107116 190.37258561161858 
53.240710509304726 294.6529483752888 164.73727816209006 135.4699075610932 23.583340048414186 
