133.97752564376248 149.5397360422453 234.93416391176157 44.41035566671291 317.54625817497066 
267.40033396222975 114.77135210891409 111.5542806421167 449.1454958252833 461.0512791601056 
295.7470830480637 120.19069167461821 475.291764372117 21.479123886552202 409.99112213700204 
288.663948364074 90.13955132333916 166.2034970472958 380.35074277015633 377.9329142668571 
40.947444029840455 44.57999069101286 352.21498211042996 372.30417040941245 507.06117586573663 
422.57690086806036 481.08225959443087 387.4907010426759 398.1165740724082 423.97909818131666 
484.07450542551845 245.44904849319164 42.165695297871 329.9718432770654 488.6009928852266 
280.4482487537922 359.4291163506508 64.05802748817295 336.37488389175394 65.82353349380554 
242.3775879685599 114.26166505336354 125.98578221891654 375.8679499441702 487.84612715496746 
269.5709718385199 402.23125537548015 322.3151339318728 251.88379686115508 172.57400227013562 
25.410451920204125 229.8661677269616 123.04210328102748 315.2400937251709 378.7831887197371 
440.2138287570656 34.80530051496277 229.80015341737104 197.39724376921495 359.0172092814479 
362.8656334519105 251.67898114494756 426.48730731379743 185.27999445307017 177.94671549426477 
356.4326368626473 142.64856158428367 387.5853304319229 249.87805334816875 197.64420663059144 
195.98799543304384 116.64058115397023 23.624045888938507 97.73080081426887 356.45671848134174 
368.584968748899 412.97028678503773 368.61511201103104 372.56623577796324 338.5133254305038 
382.57061337429036 464.2146385236653 475.6918917008719 28.669015182834315 414.0577724539566 
91.70155440439648 488.16661919044947 300.7591450325172 76.9210076426176 33.486633638407085 
318.36810246320516 186.8452471649588 49.85354700891352 56.87994499461584 251.0024334151577 
398.26256285071224 63.273254646886315 413.3818629485452 65.787455545449 97.02091199932876 
358.7194509700044 54.557271392499764 142.73889423584657 119.14045439562136 385.82907972194425 
316.4460771295038 337.2623666338549 464.37536741385327 82.59542391659085 449.4633606263441 
33.25447055793156 491.7786307807812 209.61227675914068 495.7420016253945 407.41600469433354 
385.56090965545167 334.0069895528971 140.87118532166548 62.980426371832976 80.69684953126188 
183.76520951138414 291.98371983701105 316.060833877118 462.7317183488274 218.15076300798086 
259.14535835639083 42.81834490382624 281.2417055998786 384.9234636550903 41.999239197343044 
120.65526613144716 341.40086223950294 160.05823741510977 348.6186707051797 121.63591435116976 
163.10782354888886 90.66859372966579 98.52110974944804 41.33846550846031 422.12554836034144 
186.83752567028716 286.79684756152307 471.34074795880014 112.68704169808012 133.05902083388088 
211.30516600719756 248.54325572353147 496.0203650271039 414.9933367666993 189.89136255013594 
